         1
       1.40      1.15
         9
         0        15
        20         0
        80         0
       100        15
       100        30
		80        45
		20        45
		 0        30
		 0        15		 
         1
      2.00         9
        10  20000.00	           
         4        15        50     0.1              
        20         4        50     0.1              
        50         4        50     0.1              
        80         4        50     0.1
        96        15        50     0.1
        96        30        50     0.1
		80        41        50     0.1
		50        41        50     0.1
		20        41        50     0.1	
         4        30        50     0.1 		
  -5600.00         -14000.00        28000.00
