         2
       1.4      1.15
         7
         0         0
        50         0
        50        20
        20        20
        20        50
         0        50
         0         0
         1
         4.00        7
        12     21000	58.40
         4         4        50  0.0833
        16         4        50  0.0833
		31		   4		50  0.0833
        46         4        50  0.0833
		 4        16        50  0.0833
        16        16        50  0.0833
		31		  16		50  0.0833
        46        16        50  0.0833
         4        31        50  0.0833
		16        31        50  0.0833
		 4        46        50  0.0833
		16        45        50  0.0833
    -4000.    -20000.     20000.
