         2
       1.4      1.15
         9
         0        20
        20         0
        60         0
        80        20
        80        40
		60        60
		20        60
		 0        40
		 0        20		 
         1
      3.00         9		
        20  21000.00	160.00	           
         4        20        50     0.05
		12        12        50     0.05 
        20         4        50     0.05   
		30         4        50     0.05  		
        40         4        50     0.05 
		50         4        50     0.05  		
        60         4        50     0.05
		68        12        50     0.05
        76        20        50     0.05
		76		  30		50	   0.05
        76        40        50     0.05
		68        48        50     0.05
		60        56        50     0.05
		50        56        50     0.05 
		40        56        50     0.05
		30        56        50     0.05  
		20        56        50     0.05
		12        48        50     0.05 		
         4        40        50     0.05 
		 4		  30		50	   0.05
  -10000.00         -50000.00        50000.00
