         2
       1.4      1.15
         9
         0        20
        20         0
        80         0
       100        20
       100        40
		80        60
		20        60
		 0        40
		 0        20		 
         1
      3.00         9
        10  21000.00	208.00	           
         4        20        50     0.1              
        20         4        50     0.1              
        50         4        50     0.1              
        80         4        50     0.1
        96        20        50     0.1
        96        40        50     0.1
		80        56        50     0.1
		50        56        50     0.1
		20        56        50     0.1	
         4        40        50     0.1 		
  -10000.00         -50000.00        75000.00
