         1
       1.4      1.15
        13
         0         0
        80         0
        80        20
        50        20
        50        80
        80        80
        80       100
	     0		 100
         0		  80
		30		  80
		30		  20
		 0		  20
		 0		0
		 1
         9        13
        30     21000
         4         4        50  0.0333
		19         4        50  0.0333
        34         4        50  0.0333
        46         4        50  0.0333
		61         4        50  0.0333
        76         4        50  0.0333
		 4        16        50  0.0333
 		19        16        50  0.0333
        34        16        50  0.0333
        46        16        50  0.0333
		61        16        50  0.0333
        76        16        50  0.0333
		34		  33        50  0.0333
		46	      33        50  0.0333
	    34        50        50  0.0333
        46        50        50  0.0333
		34        67        50  0.0333
		46        67        50  0.0333
		 4        84        50  0.0333
		19        84        50  0.0333
        34        84        50  0.0333
        46        84        50  0.0333
		61        84        50  0.0333
        76        84        50  0.0333
		 4        96        50  0.0333
		19        96        50  0.0333
        34        96        50  0.0333
        46        96        50  0.0333
		61        96        50  0.0333
        76        96        50  0.0333
    -10000.    -150000.     100000.
