         1
       1.4      1.15
         5
         0         0
        40         0
        40        80
         0        80
         0         0
         1
      4.00         5
        20  21000.00	           
         5         5        50     0.0500              
        15         5        50     0.0500              
        25         5        50     0.0500              
        35         5        50     0.0500
         5        15        50     0.0500
        35        15        50     0.0500
		 5        25        50     0.0500
        35        25        50     0.0500
		 5        35        50     0.0500
        35        35        50     0.0500
		 5        45        50     0.0500
        35        45        50     0.0500
		 5        55        50     0.0500
        35        55        50     0.0500
		 5        65        50     0.0500
        35        65        50     0.0500
		 5        75        50     0.0500
        15        75        50     0.0500
		25        75        50     0.0500
        35        75        50     0.0500
  -14000.00         -56000.00         28000.00
