         1
       1.4      1.15
         5
         0         0
        20         0
        20        40
         0        40
         0         0
         1
      9.00         5
         8  21000.00	           
         4         4.0000        50     0.1250              
        16         4.0000        50     0.1250              
         4        14.6667        50     0.1250              
        16        14.6667        50     0.1250
         4        25.3334        50     0.1250              
        16        25.3334        50     0.1250		
         4        36.0000        50     0.1250
        16        36.0000        50     0.1250
  -1500.00         -30000.00         0.00
