         1
       1.4      1.15
         5
         0         0
        20         0
        20        40
         0        40
         0         0
         1
      2.00         5
         6  20000.00	           
         4         4        50     0.1666              
        16         4        50     0.1666              
         4        20        50     0.1666              
        16        20        50     0.1666
         4        36        50     0.1666
        16        36        50     0.1666
  -1120.00         -5600.00        0.00
